%YAML:1.0

# extrinsic parameters for SJTU GVI. 

T_ib (body to imu):
[ 1.,  0.,  0.,  0.,
  0.,  1.,  0.,  0.,
  0.,  0.,  1.,  0.,
  0.,  0.,  0.,  1. ]

T_ci (imu0 to cam0): 
[ 0.99964049,  0.02680926, -0.00040322,  0.04313484,
 -0.02680946,  0.99964044, -0.00048997,  0.00735024,
  0.00038994,  0.00050060,  0.99999980,  0.03880331,
  0.00000000,  0.00000000,  0.00000000,  1.00000000 ]


timeshift cam0 to imu0 (s): 0.0138260221117
